0.000000
5839.098781
5538.671207
5755.147035
5727.745653
5654.178560
5684.985092
5613.051650
5640.137969
5658.391244
5698.576979
5712.235270
5692.680401
5638.504229
5707.192571
5701.589969
5679.274512
5666.571551
5675.118585
5665.588303
5689.172194
5659.482480
5664.612121
5724.211144
5712.422376
5722.827584
5703.321215
5704.975553
5693.320595
5751.174928
5719.716870
5749.530693
5722.140623
5736.757319
5732.996584
5725.845859
5753.849299
5740.401893
5729.063363
5742.798692
5754.802680
5742.446464
5769.288383
5747.990492
5746.153803
5746.720349
5752.929870
5788.478075
5765.610591
5790.958345
5751.774825
