0.000000
599.276122
561.839213
567.566979
532.814948
579.674783
552.667258
563.671146
558.024741
589.516615
596.815887
589.792695
589.527903
589.457342
607.388623
610.499402
583.888747
605.882647
602.797366
622.270472
612.505946
599.697922
628.869976
615.944154
635.577807
648.705847
619.270428
654.622891
659.616300
649.757511
665.294515
664.090772
649.207274
676.462698
698.414480
691.901776
705.422836
717.101877
715.399454
714.705842
740.305607
746.702727
755.022592
762.952814
771.961901
777.885076
787.576510
801.454070
816.325782
816.512048
836.584557
