0.000000
1070.377467
981.112253
991.185947
984.398491
942.951515
1012.106774
991.180232
1019.797673
989.048057
1028.622969
1013.188755
1010.489915
994.054565
984.341920
996.488210
1011.981526
1013.803736
991.801480
1024.965662
1012.431246
1015.595197
1032.537232
1030.232024
1040.661694
1039.296341
1030.880914
1041.729726
1049.034723
1068.162186
1054.232116
1065.034802
1061.227694
1063.484499
1071.727107
1077.892202
1086.026978
1093.037816
1090.718474
1112.043227
1118.193002
1123.523437
1105.607601
1131.847944
1140.715815
1154.823156
1159.905141
1175.066448
1180.652755
1183.615536
1209.612922
