0.000000
5772.325223
5920.463906
5781.512264
5925.075187
5934.468217
6043.532177
5932.659129
5920.948901
5930.331778
6043.385234
5959.449285
5969.038245
5964.251714
5979.093716
5965.726759
6034.752144
6065.188517
6075.505909
6069.164232
6062.082431
6092.631085
6082.585603
6100.299226
6128.954264
6104.585147
6128.884008
6153.155966
6150.473524
6141.825093
6231.083318
6183.847741
6222.311740
6223.512477
6286.808965
6288.730666
6296.355073
6332.258993
6342.065288
6388.632237
6399.915041
6407.605655
6439.600299
6462.805686
6465.964931
6526.417046
6558.699608
6592.658218
6620.805539
6668.461543
6701.038725
