0.000000
4852.997339
5053.894365
4929.508053
4945.874905
4926.478553
4941.406360
5079.091808
4870.901740
5018.800053
5046.643810
5018.077262
4959.383771
5016.561392
5010.090933
5046.397300
5033.407300
5019.502201
5017.579274
5026.055393
5015.607710
5019.665980
5016.315271
5042.068173
5032.818588
5067.592543
5079.371198
5058.357760
5042.078566
5038.715487
5102.500648
5097.358794
5062.902560
5088.185934
5078.277419
5078.026515
5087.434767
5106.449962
5102.599672
5096.178683
5112.681454
5121.502857
5113.925433
5150.775468
5150.140335
5153.755176
5163.550297
5142.823361
5171.066025
5160.510761
5164.753610
